0.000000 0.000000 0.000000 -0.000296 0.000106 0.111078
1.035627 0.121178 -0.003526 -0.000237 -0.002587 0.103308
2.118225 0.222343 0.002788 -0.000380 -0.005567 0.100493
3.219956 0.331477 -0.000048 -0.000207 -0.006740 0.099265
4.440359 0.437887 0.000388 -0.001358 -0.007002 0.096039
5.470570 0.530040 0.021165 0.000857 -0.008974 0.095090
6.497234 0.624614 0.016005 -0.000161 -0.008931 0.092720
7.615984 0.720824 0.032313 -0.000525 -0.006899 0.090593
8.681044 0.808533 0.026344 -0.002004 -0.012544 0.089132
9.780010 0.906673 0.053459 -0.002273 -0.005470 0.086572
10.795987 1.226085 0.060080 -0.003877 -0.007913 0.311830
11.216954 1.548325 0.068624 -0.005280 -0.012896 0.512623
11.568136 1.970337 0.080654 -0.006750 -0.003899 0.724322
11.743268 2.490108 0.083944 -0.004182 0.006503 1.014489
12.137753 3.556345 0.087154 -0.007326 0.007504 1.226028
12.131083 4.113246 0.074711 -0.001296 0.014057 1.453274
12.000735 4.648308 0.072728 0.002589 0.017358 1.675196
11.778076 5.120244 0.054672 0.000028 0.020186 1.917708
11.455570 6.185059 0.027953 -0.002245 0.019243 1.829262
11.241714 7.227641 0.022175 -0.010267 0.014835 1.779963
11.115430 8.334003 0.004700 -0.005282 0.016701 1.698844
11.004642 9.416295 0.015825 -0.003146 0.020827 1.678799
10.917317 10.494616 -0.019865 -0.004936 0.014399 1.654845
10.855272 11.572602 -0.008328 -0.002225 0.013831 1.633076
10.819081 12.643702 -0.036378 -0.002671 0.009864 1.610917
10.800112 13.732933 -0.030702 -0.008872 0.013087 1.588184
10.813620 14.833708 -0.057378 -0.009832 0.016653 1.564234
10.854706 15.919303 -0.040527 -0.009107 0.017277 1.542494
10.911192 16.992880 -0.074793 -0.007098 0.008472 1.519031
10.988096 18.080830 -0.035879 -0.010445 0.009628 1.498829
11.104549 19.149387 -0.066194 -0.010649 0.011382 1.477200
11.221957 20.158110 -0.127996 0.004345 -0.032218 1.450578
11.380653 21.179750 -0.052004 -0.014587 0.005679 1.378725
11.587234 21.409626 -0.058845 -0.007602 0.002716 1.167429
11.929631 21.690445 -0.054078 -0.003698 -0.004320 0.857948
12.790505 22.293798 -0.046159 -0.007440 -0.002909 0.603031
13.850283 22.745155 -0.036274 -0.005495 -0.007684 0.396812
14.918519 23.110502 -0.015457 -0.002834 -0.012674 0.357127
16.030514 23.488821 -0.001862 -0.007163 -0.016242 0.321928
17.102516 23.803978 0.027737 -0.005054 -0.007096 0.290784
18.205378 24.095512 0.042857 -0.005955 -0.020503 0.260714
19.232037 24.333273 0.054131 0.005475 -0.024126 0.238070
19.730278 24.706244 0.107811 0.021565 -0.009718 0.571292
19.873034 25.033997 0.121410 -0.018508 -0.021302 0.798875
19.942028 25.283323 0.104000 -0.023192 -0.013569 1.002475
19.958599 25.680338 0.107444 -0.021122 -0.006257 1.249172
19.858957 26.152710 0.102688 -0.021264 0.011355 1.588950
19.651361 26.472088 0.093065 -0.018185 0.020589 1.862059
19.326672 26.756659 0.061059 -0.011046 0.030754 2.167609
19.059622 26.917883 0.119998 0.032632 0.003626 2.404843
18.711493 26.938108 0.076834 -0.043257 0.019155 2.631936
18.406309 26.985748 0.047150 0.030563 0.061732 2.865680
18.088299 26.903458 0.027777 0.011554 0.111671 3.069290
16.847839 26.767172 -0.000106 0.021558 0.035447 -3.067261
15.720128 26.645390 -0.022638 0.027468 0.028556 -3.028459
14.671494 26.488581 -0.047908 0.023316 0.020909 -2.996555
13.616843 26.301485 -0.059162 0.024283 0.027440 -2.963468
12.571896 26.075672 -0.086379 0.022283 0.024173 -2.930756
11.531818 25.824661 -0.104523 0.030562 0.020217 -2.900050
10.477931 25.539518 -0.119898 0.037198 0.029317 -2.868721
9.438206 25.219679 -0.153117 0.028018 0.030562 -2.857860
8.365707 24.984869 -0.181008 0.027346 0.032452 -2.910091
7.322997 24.775101 -0.200273 0.021626 0.024917 -2.935546
6.260578 24.585213 -0.211104 0.023596 0.024687 -2.961005
5.180069 24.424633 -0.238009 0.025261 0.030948 -2.984381
4.079732 24.279943 -0.272676 0.021123 0.026212 -3.015558
3.412119 23.967936 -0.275441 0.036184 0.025615 -2.747283
2.388026 23.442209 -0.285359 0.029617 0.022094 -2.687378
1.428053 22.987091 -0.310962 0.030324 0.023660 -2.693045
0.441153 22.542517 -0.364801 0.016726 0.026134 -2.718919
-0.117074 22.519241 -0.360992 0.019120 0.034708 -2.937326
-1.206704 22.469009 -0.366681 0.019134 0.027612 -3.069323
-2.277927 22.429043 -0.395907 0.023807 0.021763 -3.091109
-3.382141 22.368444 -0.418072 0.023045 0.033195 -3.083614
-4.471909 22.245729 -0.461337 0.023521 0.034165 -3.047601
-5.505287 22.015461 -0.464470 0.018748 0.025192 -2.941373
-6.562832 21.829998 -0.493674 0.016795 0.027332 -2.974232
-7.654920 21.679054 -0.504739 0.016418 0.032809 -3.002794
-8.746235 21.556938 -0.555253 0.015114 0.029923 -3.032198
-9.821784 21.481184 -0.561690 0.019476 0.029580 -3.057152
-10.906522 21.423529 -0.596711 0.020720 0.032404 -3.086200
-11.962866 21.371283 -0.602135 0.025093 0.025251 -3.076049
-13.060748 21.261957 -0.635090 0.015164 0.032855 -3.051006
-14.148063 21.135717 -0.649140 0.033728 0.039261 -3.024863
-15.192543 20.975607 -0.706538 0.022658 0.026102 -3.002520
-16.273012 20.834898 -0.732532 0.028760 0.037218 -2.993157
-17.342716 20.663769 -0.741230 0.029288 0.023351 -2.984253
-18.397987 20.493620 -0.766072 0.029193 0.018578 -2.978706
-19.474764 20.314747 -0.780051 0.025935 0.023977 -2.973758
-20.551319 20.129707 -0.794028 0.030952 0.026436 -2.964514
-21.608942 19.929613 -0.812473 0.023625 0.021192 -2.961391
-22.671314 19.730190 -0.827470 0.023633 0.018717 -2.957339
-23.760572 19.528635 -0.847926 0.023912 0.024343 -2.959622
-24.738163 19.221518 -0.850413 0.024984 0.013825 -2.862020
-25.630695 18.702900 -0.853928 0.030127 0.009139 -2.592904
-25.839239 18.193331 -0.846189 0.030654 -0.000224 -2.210357
-25.905968 17.655970 -0.849855 0.029356 0.006004 -1.856980
-26.058031 16.481428 -0.844269 0.027156 -0.004450 -1.621994
-26.047226 15.411211 -0.836712 0.026746 0.001445 -1.579849
-26.001421 14.240327 -0.837529 0.027535 -0.006986 -1.536738
-25.915762 13.054532 -0.815808 0.030034 -0.006892 -1.488497
-25.783127 11.989031 -0.788458 0.034396 -0.006272 -1.448325
-25.602358 10.918329 -0.790185 0.027493 -0.009714 -1.405706
-25.368282 9.837267 -0.767162 0.021099 -0.009767 -1.367220
-25.110765 8.778522 -0.742785 0.021197 -0.012014 -1.330399
-24.820688 7.762744 -0.742555 0.009669 -0.012878 -1.279765
-24.715805 6.644913 -0.704967 0.022226 -0.011188 -1.439836
-24.605734 5.560117 -0.696898 0.028297 -0.011982 -1.466889
-24.521666 4.481265 -0.680438 0.019698 -0.012954 -1.489933
-24.467262 3.386230 -0.652763 0.023789 -0.009959 -1.518989
-24.451569 2.299940 -0.652258 0.022833 -0.009132 -1.546113
-24.454180 1.227530 -0.628849 0.033005 -0.008170 -1.570219
-24.482738 0.120744 -0.616988 0.027000 -0.010204 -1.593749
-24.499414 -0.978963 -0.603226 0.021810 -0.013763 -1.593366
-24.288143 -2.013221 -0.553924 0.024556 -0.018962 -1.404101
-24.018383 -3.079908 -0.545170 0.024435 -0.011495 -1.308455
-23.415064 -3.993687 -0.546164 0.019717 -0.013681 -0.995224
-22.923719 -4.197726 -0.512309 0.019537 -0.021688 -0.646153
-22.316326 -4.276550 -0.491563 0.006150 -0.021324 -0.346692
-21.196695 -4.370476 -0.470921 0.002450 -0.009590 -0.064265
-20.431545 -4.196178 -0.489892 -0.002927 -0.021891 0.177755
-19.364553 -3.930842 -0.454885 -0.011714 -0.002034 0.232807
-18.305407 -3.666254 -0.417499 -0.011175 -0.010946 0.242043
-17.254005 -3.516341 -0.420799 -0.010441 -0.010747 0.167107
-16.154400 -3.362890 -0.409693 -0.009816 -0.002330 0.144984
-15.064734 -3.230934 -0.390280 -0.011275 0.006648 0.122332
-13.994778 -3.130454 -0.406834 -0.009247 0.000359 0.097092
-12.909378 -3.059283 -0.376078 -0.002605 -0.004612 0.074741
-11.836470 -3.006482 -0.365906 0.000172 -0.015908 0.051285
-10.766735 -2.978161 -0.332367 -0.001205 -0.026958 0.032516
-9.678411 -2.972276 -0.299784 0.000977 -0.022510 0.009136
-8.578638 -2.987619 -0.261920 -0.001201 -0.017977 -0.013748
-7.488000 -2.949274 -0.233435 0.000470 -0.013580 0.052955
-6.412958 -2.843917 -0.218290 -0.001686 -0.012812 0.096884
-5.350975 -2.691397 -0.211582 0.002048 -0.017663 0.136771
-4.299113 -2.502393 -0.161712 -0.006302 -0.013164 0.179649
-3.244436 -2.267059 -0.153360 -0.005465 -0.016500 0.216452
-2.190211 -1.978732 -0.134127 -0.009535 -0.002087 0.258186
-1.138748 -1.722908 -0.104554 -0.008141 -0.017819 0.233471
-0.058461 -1.515573 -0.059175 -0.003507 -0.009087 0.197680
1.009618 -1.333945 -0.055944 -0.002848 -0.010405 0.173257
2.076625 -1.169419 -0.002406 -0.001160 -0.009136 0.148153
3.132525 -1.031551 -0.021222 -0.003099 -0.005259 0.123686
